0 0
1 0
2 0
3 0
4 0
5 0
6 0
7 0
8 0
9 0
10 0
11 1
12 1
13 0
14 2
15 2
16 0
17 0
18 0
19 0
20 2
21 2
22 2
23 2
24 2
25 2
26 2
27 2
28 2
29 2
30 2
31 2
32 2
33 2
34 2
35 2
36 0
37 0
38 0
39 0
40 0
41 0
42 0
43 2
44 2
45 2
46 0
47 3
48 3
49 3
50 3
51 3
52 3
53 3
54 0
55 3
56 0
57 0
58 3
59 3
60 2
61 1
62 2
63 3
64 1
65 1
66 3
67 1
68 3
69 1
70 1
71 3
72 1
73 2
74 2
75 3
76 1
77 2
78 1
79 3
80 1
81 3
82 2
83 3
84 1
85 1
86 0
87 3
88 3
89 1
90 1
91 1
92 1
93 2
94 1
95 1
96 1
97 1
98 1
99 3
100 1
101 1
102 1
103 3
104 2
105 1
106 3
107 2
108 1
109 1
110 3
111 3
112 3
113 0
114 3
115 3
116 2
117 2
118 1
119 4
120 4
121 4
122 4
123 3
124 4
125 4
126 4
127 4
128 4
129 4
130 4
131 4
132 4
133 4
134 4
135 4
136 4
137 0
138 4
139 4
140 4
141 4
142 1
143 4
144 4
145 1
146 4
147 3
148 4
149 3
150 4
151 4
152 2
153 3
154 4
155 1
156 0
157 3
158 4
159 3
160 3
161 3
162 3
163 3
164 1
165 2
166 3
167 3
168 4
169 4
170 4
171 4
172 3
173 4
174 4
175 2
176 1
177 2
178 2
179 2
